[gd_scene load_steps=10 format=3 uid="uid://c5jbgtamagw6m"]

[ext_resource type="Script" uid="uid://qlug1odhyb3y" path="res://scripts/main.gd" id="1_h2yge"]
[ext_resource type="PackedScene" uid="uid://bnpdi3k2nj3qj" path="res://train.tscn" id="1_ig7tw"]
[ext_resource type="PackedScene" uid="uid://dy7gahw1i4p3n" path="res://laptop_sprite.tscn" id="3_h2yge"]

[sub_resource type="ProceduralSkyMaterial" id="ProceduralSkyMaterial_h2yge"]
sky_horizon_color = Color(0.662243, 0.671743, 0.686743, 1)
ground_horizon_color = Color(0.662243, 0.671743, 0.686743, 1)

[sub_resource type="Sky" id="Sky_1bvp3"]
sky_material = SubResource("ProceduralSkyMaterial_h2yge")

[sub_resource type="Environment" id="Environment_lquwl"]
background_mode = 2
sky = SubResource("Sky_1bvp3")
tonemap_mode = 2

[sub_resource type="Animation" id="Animation_0xm2m"]
resource_name = "Quit"
tracks/0/type = "value"
tracks/0/imported = false
tracks/0/enabled = true
tracks/0/path = NodePath("Camera3D:position")
tracks/0/interp = 1
tracks/0/loop_wrap = true
tracks/0/keys = {
"times": PackedFloat32Array(0, 1),
"transitions": PackedFloat32Array(1, 1),
"update": 0,
"values": [Vector3(1.33398, 1.50556, 0.743947), Vector3(1.367, 1.215, 0.174)]
}
tracks/1/type = "value"
tracks/1/imported = false
tracks/1/enabled = true
tracks/1/path = NodePath("Camera3D:rotation")
tracks/1/interp = 1
tracks/1/loop_wrap = true
tracks/1/keys = {
"times": PackedFloat32Array(0, 1),
"transitions": PackedFloat32Array(1, 1),
"update": 0,
"values": [Vector3(-0.0872664, 0.19024, 0), Vector3(0, 0, 0)]
}

[sub_resource type="Animation" id="Animation_h2yge"]
length = 0.001
tracks/0/type = "value"
tracks/0/imported = false
tracks/0/enabled = true
tracks/0/path = NodePath("Camera3D:position")
tracks/0/interp = 1
tracks/0/loop_wrap = true
tracks/0/keys = {
"times": PackedFloat32Array(0),
"transitions": PackedFloat32Array(1),
"update": 0,
"values": [Vector3(1.33398, 1.50556, 0.743947)]
}
tracks/1/type = "value"
tracks/1/imported = false
tracks/1/enabled = true
tracks/1/path = NodePath("Camera3D:rotation")
tracks/1/interp = 1
tracks/1/loop_wrap = true
tracks/1/keys = {
"times": PackedFloat32Array(0),
"transitions": PackedFloat32Array(1),
"update": 0,
"values": [Vector3(-0.0872664, 0.19024, 0)]
}

[sub_resource type="AnimationLibrary" id="AnimationLibrary_1bvp3"]
_data = {
&"Quit": SubResource("Animation_0xm2m"),
&"RESET": SubResource("Animation_h2yge")
}

[node name="Main" type="Node3D"]
script = ExtResource("1_h2yge")

[node name="WorldEnvironment" type="WorldEnvironment" parent="."]
environment = SubResource("Environment_lquwl")

[node name="DirectionalLight3D" type="DirectionalLight3D" parent="."]
transform = Transform3D(-0.866023, -0.433016, 0.250001, 0, 0.499998, 0.866027, -0.500003, 0.749999, -0.43301, 0, 0, 0)
shadow_enabled = true

[node name="Train" parent="." instance=ExtResource("1_ig7tw")]

[node name="Camera3D" type="Camera3D" parent="."]
transform = Transform3D(0.981959, -0.0164807, 0.188375, 0, 0.996195, 0.0871557, -0.189095, -0.0855833, 0.978223, 1.33398, 1.50556, 0.743947)
fov = 60.0

[node name="AnimationPlayer" type="AnimationPlayer" parent="."]
libraries = {
&"": SubResource("AnimationLibrary_1bvp3")
}

[node name="Laptop" parent="." instance=ExtResource("3_h2yge")]
transform = Transform3D(0.991445, 0, 0.130526, 0, 1, 0, -0.130526, 0, 0.991445, 1.203, 1.1008, 0)

[connection signal="animation_finished" from="AnimationPlayer" to="." method="on_quit_animation_finish"]
